e6427246-5df3-44ac-b3f4-d7106369919a:[0.775, 1, 0.375]
f3ca67ab-a986-4103-bf19-90ea15232d8b:[4.35, 1, 2.975]
880526d0-0b1c-48c4-a606-f57ed82dc855:[4.2, 0.64, 0.4]
06844dbf-eeb2-42c3-9f06-ce25a61a49af:[-4, 1, 1.8]
ca01113c-2297-405a-8456-15b75678fc28:[-4.9, 1.8, 2.5]
fe6b762c-e6ae-47f9-9303-86ac1d3c135d:[2.5, 1.5, -1.15]
0cde2db8-64df-4041-9835-1ac70049d303:[0.85, 0.5, -3.75]
fd325624-a9e1-45a1-a851-ee01635ac2a7:[0.85, 1, -3.75]
bf40ffdd-2ad1-437f-8c66-b32364d341ec:[4.25, 1, -4.75]
3d8d0ecf-d817-4dd5-b5c4-a812b4d9a2a1:[-2, 1.8, 0.8]
0ddd568f-8977-41f0-90e9-4f49f5b613c0:[0.15, 1.8, -2.25]
2263cf13-7460-45cb-bd84-2b3f9395f3cb:[0, 1.5, 2]
e8bb8c8c-8740-456c-897e-29d4816958c2:[-2.65, 1, 2.75]